1764122512447 4.656785899942571 0
1764122512447 4.656785899942571 0
1764122539264 1.893946485085921 1
1764122512447 4.656785899942571 0
1764122512447 4.656785899942571 0
1764122563668 1.6241172552108765 2
1764122578029 1.488556439226324 3
1764122512447 4.656785899942571 0
1764122512447 4.656785899942571 0
1764122512447 4.656785899942571 0
1764122512447 4.656785899942571 0
1764122602187 1.402856859293851 4
1764122512447 4.656785899942571 0
1764122512447 4.656785899942571 0
1764122512447 4.656785899942571 0
1764122512447 4.656785899942571 0
1764122512447 4.656785899942571 0
1764122512447 4.656785899942571 0
1764122512447 4.656785899942571 0
1764122512447 4.656785899942571 0
1764122624196 1.3422717289491133 5
1764122512447 4.656785899942571 0
1764122512447 4.656785899942571 0
1764122512447 4.656785899942571 0
1764122512447 4.656785899942571 0
1764122512447 4.656785899942571 0
1764122512447 4.656785899942571 0
1764122512447 4.656785899942571 0
1764122512447 4.656785899942571 0
1764122512447 4.656785899942571 0
1764122512447 4.656785899942571 0
1764122512447 4.656785899942571 0
1764122512447 4.656785899942571 0
1764122512447 4.656785899942571 0
1764122512447 4.656785899942571 0
1764122512447 4.656785899942571 0
1764122512447 4.656785899942571 0
1764122648778 1.3035615465857766 6
1764122512447 4.656785899942571 0
1764122512447 4.656785899942571 0
1764122512447 4.656785899942571 0
1764122512447 4.656785899942571 0
1764122512447 4.656785899942571 0
1764122512447 4.656785899942571 0
1764122512447 4.656785899942571 0
1764122512447 4.656785899942571 0
1764122512447 4.656785899942571 0
1764122512447 4.656785899942571 0
1764122512447 4.656785899942571 0
1764122512447 4.656785899942571 0
1764122512447 4.656785899942571 0
1764122512447 4.656785899942571 0
1764122512447 4.656785899942571 0
1764122512447 4.656785899942571 0
1764122512447 4.656785899942571 0
1764122512447 4.656785899942571 0
1764122512447 4.656785899942571 0
1764122512447 4.656785899942571 0
1764122512447 4.656785899942571 0
1764122512447 4.656785899942571 0
1764122512447 4.656785899942571 0
1764122512447 4.656785899942571 0
1764122512447 4.656785899942571 0
1764122512447 4.656785899942571 0
1764122512447 4.656785899942571 0
1764122512447 4.656785899942571 0
1764122512447 4.656785899942571 0
1764122512447 4.656785899942571 0
1764122512447 4.656785899942571 0
1764122512447 4.656785899942571 0
1764122673969 1.2507120912725276 7
1764122688587 1.19582106850364 8
1764122702486 1.1645774949680676 9
1764122716907 1.2000228762626648 10
1764122512447 4.656785899942571 0
1764122512447 4.656785899942571 0
1764122512447 4.656785899942571 0
1764122512447 4.656785899942571 0
1764122512447 4.656785899942571 0
1764122512447 4.656785899942571 0
1764122512447 4.656785899942571 0
1764122512447 4.656785899942571 0
1764122512447 4.656785899942571 0
1764122512447 4.656785899942571 0
1764122512447 4.656785899942571 0
1764122512447 4.656785899942571 0
1764122512447 4.656785899942571 0
1764122512447 4.656785899942571 0
1764122512447 4.656785899942571 0
1764122512447 4.656785899942571 0
1764122512447 4.656785899942571 0
1764122512447 4.656785899942571 0
1764122512447 4.656785899942571 0
1764122512447 4.656785899942571 0
1764122512447 4.656785899942571 0
1764122512447 4.656785899942571 0
1764122512447 4.656785899942571 0
1764122512447 4.656785899942571 0
1764122512447 4.656785899942571 0
1764122512447 4.656785899942571 0
1764122512447 4.656785899942571 0
1764122512447 4.656785899942571 0
1764122512447 4.656785899942571 0
1764122512447 4.656785899942571 0
1764122512447 4.656785899942571 0
1764122512447 4.656785899942571 0
1764122512447 4.656785899942571 0
1764122512447 4.656785899942571 0
1764122512447 4.656785899942571 0
1764122512447 4.656785899942571 0
1764122512447 4.656785899942571 0
1764122512447 4.656785899942571 0
1764122512447 4.656785899942571 0
1764122512447 4.656785899942571 0
1764122512447 4.656785899942571 0
1764122512447 4.656785899942571 0
1764122512447 4.656785899942571 0
1764122512447 4.656785899942571 0
1764122512447 4.656785899942571 0
1764122512447 4.656785899942571 0
1764122512447 4.656785899942571 0
1764122512447 4.656785899942571 0
1764122512447 4.656785899942571 0
1764122512447 4.656785899942571 0
1764122512447 4.656785899942571 0
1764122512447 4.656785899942571 0
1764122512447 4.656785899942571 0
1764122512447 4.656785899942571 0
1764122512447 4.656785899942571 0
1764122512447 4.656785899942571 0
1764122512447 4.656785899942571 0
1764122512447 4.656785899942571 0
1764122512447 4.656785899942571 0
1764122512447 4.656785899942571 0
1764122512447 4.656785899942571 0
1764122512447 4.656785899942571 0
1764122512447 4.656785899942571 0
1764122512447 4.656785899942571 0
1764122740322 1.085158803246238 11
1764122753794 1.049935449253429 12
1764122767315 1.0324613126841458 13
1764122781333 1.082607171752236 14
1764122512447 4.656785899942571 0
1764122512447 4.656785899942571 0
1764122512447 4.656785899942571 0
1764122512447 4.656785899942571 0
1764122512447 4.656785899942571 0
1764122512447 4.656785899942571 0
1764122512447 4.656785899942571 0
1764122512447 4.656785899942571 0
1764122512447 4.656785899942571 0
1764122512447 4.656785899942571 0
1764122512447 4.656785899942571 0
1764122512447 4.656785899942571 0
1764122512447 4.656785899942571 0
1764122512447 4.656785899942571 0
1764122512447 4.656785899942571 0
1764122512447 4.656785899942571 0
1764122512447 4.656785899942571 0
1764122512447 4.656785899942571 0
1764122512447 4.656785899942571 0
1764122512447 4.656785899942571 0
1764122512447 4.656785899942571 0
1764122512447 4.656785899942571 0
1764122512447 4.656785899942571 0
1764122512447 4.656785899942571 0
1764122512447 4.656785899942571 0
1764122512447 4.656785899942571 0
1764122512447 4.656785899942571 0
1764122512447 4.656785899942571 0
1764122512447 4.656785899942571 0
1764122512447 4.656785899942571 0
1764122512447 4.656785899942571 0
1764122512447 4.656785899942571 0
1764122512447 4.656785899942571 0
1764122512447 4.656785899942571 0
1764122512447 4.656785899942571 0
1764122512447 4.656785899942571 0
1764122512447 4.656785899942571 0
1764122512447 4.656785899942571 0
1764122512447 4.656785899942571 0
1764122512447 4.656785899942571 0
1764122512447 4.656785899942571 0
1764122512447 4.656785899942571 0
1764122512447 4.656785899942571 0
1764122512447 4.656785899942571 0
1764122512447 4.656785899942571 0
1764122512447 4.656785899942571 0
1764122512447 4.656785899942571 0
1764122512447 4.656785899942571 0
1764122512447 4.656785899942571 0
1764122512447 4.656785899942571 0
1764122512447 4.656785899942571 0
1764122512447 4.656785899942571 0
1764122512447 4.656785899942571 0
1764122512447 4.656785899942571 0
1764122512447 4.656785899942571 0
1764122512447 4.656785899942571 0
1764122512447 4.656785899942571 0
1764122512447 4.656785899942571 0
1764122512447 4.656785899942571 0
1764122512447 4.656785899942571 0
1764122512447 4.656785899942571 0
1764122512447 4.656785899942571 0
1764122512447 4.656785899942571 0
1764122512447 4.656785899942571 0
1764122512447 4.656785899942571 0
1764122512447 4.656785899942571 0
1764122512447 4.656785899942571 0
1764122512447 4.656785899942571 0
1764122512447 4.656785899942571 0
1764122512447 4.656785899942571 0
1764122512447 4.656785899942571 0
1764122512447 4.656785899942571 0
1764122512447 4.656785899942571 0
1764122512447 4.656785899942571 0
1764122512447 4.656785899942571 0
1764122512447 4.656785899942571 0
1764122512447 4.656785899942571 0
1764122512447 4.656785899942571 0
1764122512447 4.656785899942571 0
1764122512447 4.656785899942571 0
1764122512447 4.656785899942571 0
1764122512447 4.656785899942571 0
1764122512447 4.656785899942571 0
1764122512447 4.656785899942571 0
1764122512447 4.656785899942571 0
1764122512447 4.656785899942571 0
1764122512447 4.656785899942571 0
1764122512447 4.656785899942571 0
1764122512447 4.656785899942571 0
1764122512447 4.656785899942571 0
1764122512447 4.656785899942571 0
1764122512447 4.656785899942571 0
1764122512447 4.656785899942571 0
1764122512447 4.656785899942571 0
1764122512447 4.656785899942571 0
1764122512447 4.656785899942571 0
1764122512447 4.656785899942571 0
1764122512447 4.656785899942571 0
1764122512447 4.656785899942571 0
1764122512447 4.656785899942571 0
1764122512447 4.656785899942571 0
1764122512447 4.656785899942571 0
1764122512447 4.656785899942571 0
1764122512447 4.656785899942571 0
1764122512447 4.656785899942571 0
1764122512447 4.656785899942571 0
1764122512447 4.656785899942571 0
1764122512447 4.656785899942571 0
1764122512447 4.656785899942571 0
1764122512447 4.656785899942571 0
1764122512447 4.656785899942571 0
1764122512447 4.656785899942571 0
1764122512447 4.656785899942571 0
1764122512447 4.656785899942571 0
1764122512447 4.656785899942571 0
1764122512447 4.656785899942571 0
1764122512447 4.656785899942571 0
1764122512447 4.656785899942571 0
1764122512447 4.656785899942571 0
1764122512447 4.656785899942571 0
1764122512447 4.656785899942571 0
1764122512447 4.656785899942571 0
1764122512447 4.656785899942571 0
1764122512447 4.656785899942571 0
1764122512447 4.656785899942571 0
1764122512447 4.656785899942571 0
1764122512447 4.656785899942571 0
1764122512447 4.656785899942571 0
1764122805603 0.991530261256478 15
1764122819153 0.9436052387410944 16
1764122833535 0.9876359105110168 17
1764122847984 0.9231000759384849 18
1764122861543 0.86565255576914 19
1764122875057 0.8907112425023859 20
1764122875062 1.082607171752236 21
