1764122512447 20.37302725968436 0
1764122512447 20.37302725968436 0
1764122539264 29.555236728837876 1
1764122512447 20.37302725968436 0
1764122512447 20.37302725968436 0
1764122563668 37.87661406025825 2
1764122578029 41.60688665710187 3
1764122512447 20.37302725968436 0
1764122512447 20.37302725968436 0
1764122512447 20.37302725968436 0
1764122512447 20.37302725968436 0
1764122602187 44.04591104734577 4
1764122512447 20.37302725968436 0
1764122512447 20.37302725968436 0
1764122512447 20.37302725968436 0
1764122512447 20.37302725968436 0
1764122512447 20.37302725968436 0
1764122512447 20.37302725968436 0
1764122512447 20.37302725968436 0
1764122512447 20.37302725968436 0
1764122624196 46.77187948350072 5
1764122512447 20.37302725968436 0
1764122512447 20.37302725968436 0
1764122512447 20.37302725968436 0
1764122512447 20.37302725968436 0
1764122512447 20.37302725968436 0
1764122512447 20.37302725968436 0
1764122512447 20.37302725968436 0
1764122512447 20.37302725968436 0
1764122512447 20.37302725968436 0
1764122512447 20.37302725968436 0
1764122512447 20.37302725968436 0
1764122512447 20.37302725968436 0
1764122512447 20.37302725968436 0
1764122512447 20.37302725968436 0
1764122512447 20.37302725968436 0
1764122512447 20.37302725968436 0
1764122648778 47.20229555236729 6
1764122512447 20.37302725968436 0
1764122512447 20.37302725968436 0
1764122512447 20.37302725968436 0
1764122512447 20.37302725968436 0
1764122512447 20.37302725968436 0
1764122512447 20.37302725968436 0
1764122512447 20.37302725968436 0
1764122512447 20.37302725968436 0
1764122512447 20.37302725968436 0
1764122512447 20.37302725968436 0
1764122512447 20.37302725968436 0
1764122512447 20.37302725968436 0
1764122512447 20.37302725968436 0
1764122512447 20.37302725968436 0
1764122512447 20.37302725968436 0
1764122512447 20.37302725968436 0
1764122512447 20.37302725968436 0
1764122512447 20.37302725968436 0
1764122512447 20.37302725968436 0
1764122512447 20.37302725968436 0
1764122512447 20.37302725968436 0
1764122512447 20.37302725968436 0
1764122512447 20.37302725968436 0
1764122512447 20.37302725968436 0
1764122512447 20.37302725968436 0
1764122512447 20.37302725968436 0
1764122512447 20.37302725968436 0
1764122512447 20.37302725968436 0
1764122512447 20.37302725968436 0
1764122512447 20.37302725968436 0
1764122512447 20.37302725968436 0
1764122512447 20.37302725968436 0
1764122673969 49.64131994261119 7
1764122688587 52.51076040172166 8
1764122702486 50.50215208034433 9
1764122716907 51.506456241033 10
1764122512447 20.37302725968436 0
1764122512447 20.37302725968436 0
1764122512447 20.37302725968436 0
1764122512447 20.37302725968436 0
1764122512447 20.37302725968436 0
1764122512447 20.37302725968436 0
1764122512447 20.37302725968436 0
1764122512447 20.37302725968436 0
1764122512447 20.37302725968436 0
1764122512447 20.37302725968436 0
1764122512447 20.37302725968436 0
1764122512447 20.37302725968436 0
1764122512447 20.37302725968436 0
1764122512447 20.37302725968436 0
1764122512447 20.37302725968436 0
1764122512447 20.37302725968436 0
1764122512447 20.37302725968436 0
1764122512447 20.37302725968436 0
1764122512447 20.37302725968436 0
1764122512447 20.37302725968436 0
1764122512447 20.37302725968436 0
1764122512447 20.37302725968436 0
1764122512447 20.37302725968436 0
1764122512447 20.37302725968436 0
1764122512447 20.37302725968436 0
1764122512447 20.37302725968436 0
1764122512447 20.37302725968436 0
1764122512447 20.37302725968436 0
1764122512447 20.37302725968436 0
1764122512447 20.37302725968436 0
1764122512447 20.37302725968436 0
1764122512447 20.37302725968436 0
1764122512447 20.37302725968436 0
1764122512447 20.37302725968436 0
1764122512447 20.37302725968436 0
1764122512447 20.37302725968436 0
1764122512447 20.37302725968436 0
1764122512447 20.37302725968436 0
1764122512447 20.37302725968436 0
1764122512447 20.37302725968436 0
1764122512447 20.37302725968436 0
1764122512447 20.37302725968436 0
1764122512447 20.37302725968436 0
1764122512447 20.37302725968436 0
1764122512447 20.37302725968436 0
1764122512447 20.37302725968436 0
1764122512447 20.37302725968436 0
1764122512447 20.37302725968436 0
1764122512447 20.37302725968436 0
1764122512447 20.37302725968436 0
1764122512447 20.37302725968436 0
1764122512447 20.37302725968436 0
1764122512447 20.37302725968436 0
1764122512447 20.37302725968436 0
1764122512447 20.37302725968436 0
1764122512447 20.37302725968436 0
1764122512447 20.37302725968436 0
1764122512447 20.37302725968436 0
1764122512447 20.37302725968436 0
1764122512447 20.37302725968436 0
1764122512447 20.37302725968436 0
1764122512447 20.37302725968436 0
1764122512447 20.37302725968436 0
1764122512447 20.37302725968436 0
1764122740322 58.24964131994261 11
1764122753794 59.68436154949785 12
1764122767315 60.83213773314204 13
1764122781333 55.66714490674318 14
1764122512447 20.37302725968436 0
1764122512447 20.37302725968436 0
1764122512447 20.37302725968436 0
1764122512447 20.37302725968436 0
1764122512447 20.37302725968436 0
1764122512447 20.37302725968436 0
1764122512447 20.37302725968436 0
1764122512447 20.37302725968436 0
1764122512447 20.37302725968436 0
1764122512447 20.37302725968436 0
1764122512447 20.37302725968436 0
1764122512447 20.37302725968436 0
1764122512447 20.37302725968436 0
1764122512447 20.37302725968436 0
1764122512447 20.37302725968436 0
1764122512447 20.37302725968436 0
1764122512447 20.37302725968436 0
1764122512447 20.37302725968436 0
1764122512447 20.37302725968436 0
1764122512447 20.37302725968436 0
1764122512447 20.37302725968436 0
1764122512447 20.37302725968436 0
1764122512447 20.37302725968436 0
1764122512447 20.37302725968436 0
1764122512447 20.37302725968436 0
1764122512447 20.37302725968436 0
1764122512447 20.37302725968436 0
1764122512447 20.37302725968436 0
1764122512447 20.37302725968436 0
1764122512447 20.37302725968436 0
1764122512447 20.37302725968436 0
1764122512447 20.37302725968436 0
1764122512447 20.37302725968436 0
1764122512447 20.37302725968436 0
1764122512447 20.37302725968436 0
1764122512447 20.37302725968436 0
1764122512447 20.37302725968436 0
1764122512447 20.37302725968436 0
1764122512447 20.37302725968436 0
1764122512447 20.37302725968436 0
1764122512447 20.37302725968436 0
1764122512447 20.37302725968436 0
1764122512447 20.37302725968436 0
1764122512447 20.37302725968436 0
1764122512447 20.37302725968436 0
1764122512447 20.37302725968436 0
1764122512447 20.37302725968436 0
1764122512447 20.37302725968436 0
1764122512447 20.37302725968436 0
1764122512447 20.37302725968436 0
1764122512447 20.37302725968436 0
1764122512447 20.37302725968436 0
1764122512447 20.37302725968436 0
1764122512447 20.37302725968436 0
1764122512447 20.37302725968436 0
1764122512447 20.37302725968436 0
1764122512447 20.37302725968436 0
1764122512447 20.37302725968436 0
1764122512447 20.37302725968436 0
1764122512447 20.37302725968436 0
1764122512447 20.37302725968436 0
1764122512447 20.37302725968436 0
1764122512447 20.37302725968436 0
1764122512447 20.37302725968436 0
1764122512447 20.37302725968436 0
1764122512447 20.37302725968436 0
1764122512447 20.37302725968436 0
1764122512447 20.37302725968436 0
1764122512447 20.37302725968436 0
1764122512447 20.37302725968436 0
1764122512447 20.37302725968436 0
1764122512447 20.37302725968436 0
1764122512447 20.37302725968436 0
1764122512447 20.37302725968436 0
1764122512447 20.37302725968436 0
1764122512447 20.37302725968436 0
1764122512447 20.37302725968436 0
1764122512447 20.37302725968436 0
1764122512447 20.37302725968436 0
1764122512447 20.37302725968436 0
1764122512447 20.37302725968436 0
1764122512447 20.37302725968436 0
1764122512447 20.37302725968436 0
1764122512447 20.37302725968436 0
1764122512447 20.37302725968436 0
1764122512447 20.37302725968436 0
1764122512447 20.37302725968436 0
1764122512447 20.37302725968436 0
1764122512447 20.37302725968436 0
1764122512447 20.37302725968436 0
1764122512447 20.37302725968436 0
1764122512447 20.37302725968436 0
1764122512447 20.37302725968436 0
1764122512447 20.37302725968436 0
1764122512447 20.37302725968436 0
1764122512447 20.37302725968436 0
1764122512447 20.37302725968436 0
1764122512447 20.37302725968436 0
1764122512447 20.37302725968436 0
1764122512447 20.37302725968436 0
1764122512447 20.37302725968436 0
1764122512447 20.37302725968436 0
1764122512447 20.37302725968436 0
1764122512447 20.37302725968436 0
1764122512447 20.37302725968436 0
1764122512447 20.37302725968436 0
1764122512447 20.37302725968436 0
1764122512447 20.37302725968436 0
1764122512447 20.37302725968436 0
1764122512447 20.37302725968436 0
1764122512447 20.37302725968436 0
1764122512447 20.37302725968436 0
1764122512447 20.37302725968436 0
1764122512447 20.37302725968436 0
1764122512447 20.37302725968436 0
1764122512447 20.37302725968436 0
1764122512447 20.37302725968436 0
1764122512447 20.37302725968436 0
1764122512447 20.37302725968436 0
1764122512447 20.37302725968436 0
1764122512447 20.37302725968436 0
1764122512447 20.37302725968436 0
1764122512447 20.37302725968436 0
1764122512447 20.37302725968436 0
1764122512447 20.37302725968436 0
1764122512447 20.37302725968436 0
1764122512447 20.37302725968436 0
1764122512447 20.37302725968436 0
1764122805603 60.25824964131994 15
1764122819153 63.558106169296984 16
1764122833535 61.54949784791965 17
1764122847984 63.27116212338594 18
1764122861543 66.42754662840746 19
1764122875057 64.70588235294117 20
1764122875062 55.66714490674318 21
